#INFO# Design: /tmp/innovus_temp_1156836_hzhb-Super-Server_jchu_sfaKPv/eps_out_1156836.def.gz | Library: ./des3_pg/techonly.cl
#RAILVERSION# v19.10-p002_1
#TITLE# VC_SUM
#XLABEL# Time (ns)
#YLABEL# Current (Amp)
0 -0.000838168
1 -0.000610248
2 -0.000588863
3 -0.000586241
4 -0.000585914
5 -0.000585873
6 -0.000585868
7 -0.000585867
8 -0.000585867
9 -0.000585867
10 -0.000585867
11 -0.000585867
12 -0.000585867
13 -0.000585867
14 -0.000585867
15 -0.000585867
16 -0.000585867
17 -0.000585867
18 -0.000585867
19 -0.000585867
20 -0.000585867
21 -0.000585867
22 -0.000585867
23 -0.000585867
24 -0.000585867
25 -0.000585867
26 -0.000585867
27 -0.000585867
28 -0.000585867
29 -0.000585867
30 -0.000585867
31 -0.000585867
32 -0.000585867
33 -0.000585867
34 -0.000585867
35 -0.000585867
36 -0.000585867
37 -0.000585867
38 -0.000585867
39 -0.000585867
40 -0.000585867
41 -0.000585867
42 -0.000585867
43 -0.000585867
44 -0.000585867
45 -0.000585867
46 -0.000585867
47 -0.000585867
48 -0.000585867
49 -0.00189684
50 -0.0122806
51 -0.00173396
52 -0.000727987
53 -0.000603669
54 -0.000588102
55 -0.000586148
56 -0.000585902
57 -0.000585871
58 -0.000585868
59 -0.000585867
60 -0.000585867
61 -0.000585867
62 -0.000585867
63 -0.000585867
64 -0.000585867
65 -0.000585867
66 -0.000585867
67 -0.000585867
68 -0.000585867
69 -0.000585867
70 -0.000585867
71 -0.000585867
72 -0.000585867
73 -0.000585867
74 -0.000585867
75 -0.000585867
76 -0.000585867
77 -0.000585867
78 -0.000585867
79 -0.000585867
80 -0.000585867
81 -0.000585867
82 -0.000585867
83 -0.000585867
84 -0.000585867
85 -0.000585867
86 -0.000585867
87 -0.000585867
88 -0.000585867
89 -0.000585867
90 -0.000585867
91 -0.000585867
92 -0.000585867
93 -0.000585867
94 -0.000585867
95 -0.000585867
96 -0.000585867
97 -0.000585867
98 -0.000585867
99 -0.00215011
100 -0.00907382
101 -0.00136814
102 -0.000681066
103 -0.000597706
104 -0.000587348
105 -0.000586053
106 -0.00058589
107 -0.00058587
108 -0.000585867
109 -0.000585867
110 -0.000585867
111 -0.000585867
112 -0.000585867
113 -0.000585867
114 -0.000585867
115 -0.000585867
116 -0.000585867
117 -0.000585867
118 -0.000585867
119 -0.000585867
120 -0.000585867
121 -0.000585867
122 -0.000585867
123 -0.000585867
124 -0.000585867
125 -0.000585867
126 -0.000585867
127 -0.000585867
128 -0.000585867
129 -0.000585867
130 -0.000585867
131 -0.000585867
132 -0.000585867
133 -0.000585867
134 -0.000585867
135 -0.000585867
136 -0.000585867
137 -0.000585867
138 -0.000585867
139 -0.000585867
140 -0.000585867
141 -0.000585867
142 -0.000585867
143 -0.000585867
144 -0.000585867
145 -0.000585867
146 -0.000585867
147 -0.000585867
148 -0.000585867
149 -0.00188622
150 -0.012293
151 -0.00172668
152 -0.000726978
153 -0.000603539
154 -0.000588086
155 -0.000586146
156 -0.000585902
157 -0.000585871
158 -0.000585868
159 -0.000585867
160 -0.000585867
161 -0.000585867
162 -0.000585867
163 -0.000585867
164 -0.000585867
165 -0.000585867
166 -0.000585867
167 -0.000585867
168 -0.000585867
169 -0.000585867
170 -0.000585867
171 -0.000585867
172 -0.000585867
173 -0.000585867
174 -0.000585867
175 -0.000585867
176 -0.000585867
177 -0.000585867
178 -0.000585867
179 -0.000585867
180 -0.000585867
181 -0.000585867
182 -0.000585867
183 -0.000585867
184 -0.000585867
185 -0.000585867
186 -0.000585867
187 -0.000585867
188 -0.000585867
189 -0.000585867
190 -0.000585867
191 -0.000585867
192 -0.000585867
193 -0.000585867
194 -0.000585867
195 -0.000585867
196 -0.000585867
197 -0.000585867
198 -0.000585867
199 -0.00215248
200 -0.00908125
201 -0.00136776
202 -0.000681008
203 -0.000597698
204 -0.000587347
205 -0.000586053
206 -0.00058589
207 -0.00058587
208 -0.000585867
209 -0.000585867
210 -0.000585867
211 -0.000585867
212 -0.000585867
213 -0.000585867
214 -0.000585867
215 -0.000585867
216 -0.000585867
217 -0.000585867
218 -0.000585867
219 -0.000585867
220 -0.000585867
221 -0.000585867
222 -0.000585867
223 -0.000585867
224 -0.000585867
225 -0.000585867
226 -0.000585867
227 -0.000585867
228 -0.000585867
229 -0.000585867
230 -0.000585867
231 -0.000585867
232 -0.000585867
233 -0.000585867
234 -0.000585867
235 -0.000585867
236 -0.000585867
237 -0.000585867
238 -0.000585867
239 -0.000585867
240 -0.000585867
241 -0.000585867
242 -0.000585867
243 -0.000585867
244 -0.000585867
245 -0.000585867
246 -0.000585867
247 -0.000585867
248 -0.000585867
249 -0.00191706
250 -0.0122912
251 -0.00172682
252 -0.000726953
253 -0.000603532
254 -0.000588085
255 -0.000586146
256 -0.000585902
257 -0.000585871
258 -0.000585868
259 -0.000585867
260 -0.000585867
261 -0.000585867
262 -0.000585867
263 -0.000585867
264 -0.000585867
265 -0.000585867
266 -0.000585867
267 -0.000585867
268 -0.000585867
269 -0.000585867
270 -0.000585867
271 -0.000585867
272 -0.000585867
273 -0.000585867
274 -0.000585867
275 -0.000585867
276 -0.000585867
277 -0.000585867
278 -0.000585867
279 -0.000585867
280 -0.000585867
281 -0.000585867
282 -0.000585867
283 -0.000585867
284 -0.000585867
285 -0.000585867
286 -0.000585867
287 -0.000585867
288 -0.000585867
289 -0.000585867
290 -0.000585867
291 -0.000585867
292 -0.000585867
293 -0.000585867
294 -0.000585867
295 -0.000585867
296 -0.000585867
297 -0.000585867
298 -0.000585867
299 -0.00214606
300 -0.0090643
301 -0.00136519
302 -0.000680676
303 -0.000597656
304 -0.000587342
305 -0.000586052
306 -0.00058589
307 -0.00058587
308 -0.000585867
309 -0.000585867
310 -0.000585867
311 -0.000585867
312 -0.000585867
313 -0.000585867
314 -0.000585867
315 -0.000585867
316 -0.000585867
317 -0.000585867
318 -0.000585867
319 -0.000585867
320 -0.000585867
321 -0.000585867
322 -0.000585867
323 -0.000585867
324 -0.000585867
325 -0.000585867
326 -0.000585867
327 -0.000585867
328 -0.000585867
329 -0.000585867
330 -0.000585867
331 -0.000585867
332 -0.000585867
333 -0.000585867
334 -0.000585867
335 -0.000585867
336 -0.000585867
337 -0.000585867
338 -0.000585867
339 -0.000585867
340 -0.000585867
341 -0.000585867
342 -0.000585867
343 -0.000585867
344 -0.000585867
345 -0.000585867
346 -0.000585867
347 -0.000585867
348 -0.000585867
349 -0.0019021
350 -0.0123644
351 -0.00173195
352 -0.000727505
353 -0.000603596
354 -0.000588092
355 -0.000586146
356 -0.000585902
357 -0.000585871
358 -0.000585868
359 -0.000585867
360 -0.000585867
361 -0.000585867
362 -0.000585867
363 -0.000585867
364 -0.000585867
365 -0.000585867
366 -0.000585867
367 -0.000585867
368 -0.000585867
369 -0.000585867
370 -0.000585867
371 -0.000585867
372 -0.000585867
373 -0.000585867
374 -0.000585867
375 -0.000585867
376 -0.000585867
377 -0.000585867
378 -0.000585867
379 -0.000585867
380 -0.000585867
381 -0.000585867
382 -0.000585867
383 -0.000585867
384 -0.000585867
385 -0.000585867
386 -0.000585867
387 -0.000585867
388 -0.000585867
389 -0.000585867
390 -0.000585867
391 -0.000585867
392 -0.000585867
393 -0.000585867
394 -0.000585867
395 -0.000585867
396 -0.000585867
397 -0.000585867
398 -0.000585867
399 -0.00214688
400 -0.0090684
401 -0.00136496
402 -0.000680644
403 -0.000597652
404 -0.000587341
405 -0.000586052
406 -0.00058589
407 -0.00058587
408 -0.000585867
409 -0.000585867
410 -0.000585867
411 -0.000585867
412 -0.000585867
413 -0.000585867
414 -0.000585867
415 -0.000585867
416 -0.000585867
417 -0.000585867
418 -0.000585867
419 -0.000585867
420 -0.000585867
421 -0.000585867
422 -0.000585867
423 -0.000585867
424 -0.000585867
425 -0.000585867
426 -0.000585867
427 -0.000585867
428 -0.000585867
429 -0.000585867
430 -0.000585867
431 -0.000585867
432 -0.000585867
433 -0.000585867
434 -0.000585867
435 -0.000585867
436 -0.000585867
437 -0.000585867
438 -0.000585867
439 -0.000585867
440 -0.000585867
441 -0.000585867
442 -0.000585867
443 -0.000585867
444 -0.000585867
445 -0.000585867
446 -0.000585867
447 -0.000585867
448 -0.000585867
449 -0.00189789
450 -0.0123671
451 -0.00173466
452 -0.00072776
453 -0.000603621
454 -0.000588095
455 -0.000586147
456 -0.000585902
457 -0.000585871
458 -0.000585868
459 -0.000585867
460 -0.000585867
461 -0.000585867
462 -0.000585867
463 -0.000585867
464 -0.000585867
465 -0.000585867
466 -0.000585867
467 -0.000585867
468 -0.000585867
469 -0.000585867
470 -0.000585867
471 -0.000585867
472 -0.000585867
473 -0.000585867
474 -0.000585867
475 -0.000585867
476 -0.000585867
477 -0.000585867
478 -0.000585867
479 -0.000585867
480 -0.000585867
481 -0.000585867
482 -0.000585867
483 -0.000585867
484 -0.000585867
485 -0.000585867
486 -0.000585867
487 -0.000585867
488 -0.000585867
489 -0.000585867
490 -0.000585867
491 -0.000585867
492 -0.000585867
493 -0.000585867
494 -0.000585867
495 -0.000585867
496 -0.000585867
497 -0.000585867
498 -0.000585867
499 -0.00214604
500 -0.00906682
501 -0.00136414
502 -0.000680539
503 -0.000597639
504 -0.00058734
505 -0.000586052
506 -0.00058589
507 -0.00058587
508 -0.000585867
509 -0.000585867
510 -0.000585867
511 -0.000585867
512 -0.000585867
513 -0.000585867
514 -0.000585867
515 -0.000585867
516 -0.000585867
517 -0.000585867
518 -0.000585867
519 -0.000585867
520 -0.000585867
521 -0.000585867
522 -0.000585867
523 -0.000585867
524 -0.000585867
525 -0.000585867
526 -0.000585867
527 -0.000585867
528 -0.000585867
529 -0.000585867
530 -0.000585867
531 -0.000585867
532 -0.000585867
533 -0.000585867
534 -0.000585867
535 -0.000585867
536 -0.000585867
537 -0.000585867
538 -0.000585867
539 -0.000585867
540 -0.000585867
541 -0.000585867
542 -0.000585867
543 -0.000585867
544 -0.000585867
545 -0.000585867
546 -0.000585867
547 -0.000585867
548 -0.000585867
549 -0.00190372
550 -0.0124428
551 -0.00174195
552 -0.000728502
553 -0.000603702
554 -0.000588104
555 -0.000586148
556 -0.000585902
557 -0.000585871
558 -0.000585868
559 -0.000585867
560 -0.000585867
561 -0.000585867
562 -0.000585867
563 -0.000585867
564 -0.000585867
565 -0.000585867
566 -0.000585867
567 -0.000585867
568 -0.000585867
569 -0.000585867
570 -0.000585867
571 -0.000585867
572 -0.000585867
573 -0.000585867
574 -0.000585867
575 -0.000585867
576 -0.000585867
577 -0.000585867
578 -0.000585867
579 -0.000585867
580 -0.000585867
581 -0.000585867
582 -0.000585867
583 -0.000585867
584 -0.000585867
585 -0.000585867
586 -0.000585867
587 -0.000585867
588 -0.000585867
589 -0.000585867
590 -0.000585867
591 -0.000585867
592 -0.000585867
593 -0.000585867
594 -0.000585867
595 -0.000585867
596 -0.000585867
597 -0.000585867
598 -0.000585867
599 -0.00215667
600 -0.00910329
601 -0.00136786
602 -0.000681013
603 -0.000597699
604 -0.000587347
605 -0.000586053
606 -0.00058589
607 -0.00058587
608 -0.000585867
609 -0.000585867
610 -0.000585867
611 -0.000585867
612 -0.000585867
613 -0.000585867
614 -0.000585867
615 -0.000585867
616 -0.000585867
617 -0.000585867
618 -0.000585867
619 -0.000585867
620 -0.000585867
621 -0.000585867
622 -0.000585867
623 -0.000585867
624 -0.000585867
625 -0.000585867
626 -0.000585867
627 -0.000585867
628 -0.000585867
629 -0.000585867
630 -0.000585867
631 -0.000585867
632 -0.000585867
633 -0.000585867
634 -0.000585867
635 -0.000585867
636 -0.000585867
637 -0.000585867
638 -0.000585867
639 -0.000585867
640 -0.000585867
641 -0.000585867
642 -0.000585867
643 -0.000585867
644 -0.000585867
645 -0.000585867
646 -0.000585867
647 -0.000585867
648 -0.000585867
649 -0.00191314
650 -0.0125612
651 -0.00175316
652 -0.000729732
653 -0.000603846
654 -0.000588122
655 -0.00058615
656 -0.000585903
657 -0.000585872
658 -0.000585868
659 -0.000585867
660 -0.000585867
661 -0.000585867
662 -0.000585867
663 -0.000585867
664 -0.000585867
665 -0.000585867
666 -0.000585867
667 -0.000585867
668 -0.000585867
669 -0.000585867
670 -0.000585867
671 -0.000585867
672 -0.000585867
673 -0.000585867
674 -0.000585867
675 -0.000585867
676 -0.000585867
677 -0.000585867
678 -0.000585867
679 -0.000585867
680 -0.000585867
681 -0.000585867
682 -0.000585867
683 -0.000585867
684 -0.000585867
685 -0.000585867
686 -0.000585867
687 -0.000585867
688 -0.000585867
689 -0.000585867
690 -0.000585867
691 -0.000585867
692 -0.000585867
693 -0.000585867
694 -0.000585867
695 -0.000585867
696 -0.000585867
697 -0.000585867
698 -0.000585867
699 -0.00215806
700 -0.00910934
701 -0.00136869
702 -0.000681124
703 -0.000597714
704 -0.000587349
705 -0.000586053
706 -0.00058589
707 -0.00058587
708 -0.000585867
709 -0.000585867
710 -0.000585867
711 -0.000585867
712 -0.000585867
713 -0.000585867
714 -0.000585867
715 -0.000585867
716 -0.000585867
717 -0.000585867
718 -0.000585867
719 -0.000585867
720 -0.000585867
721 -0.000585867
722 -0.000585867
723 -0.000585867
724 -0.000585867
725 -0.000585867
726 -0.000585867
727 -0.000585867
728 -0.000585867
729 -0.000585867
730 -0.000585867
731 -0.000585867
732 -0.000585867
733 -0.000585867
734 -0.000585867
735 -0.000585867
736 -0.000585867
737 -0.000585867
738 -0.000585867
739 -0.000585867
740 -0.000585867
741 -0.000585867
742 -0.000585867
743 -0.000585867
744 -0.000585867
745 -0.000585867
746 -0.000585867
747 -0.000585867
748 -0.000585867
749 -0.00191623
750 -0.0124252
751 -0.00172738
752 -0.000726173
753 -0.00060338
754 -0.000588062
755 -0.000586142
756 -0.000585902
757 -0.000585871
758 -0.000585868
759 -0.000585867
760 -0.000585867
761 -0.000585867
762 -0.000585867
763 -0.000585867
764 -0.000585867
765 -0.000585867
766 -0.000585867
767 -0.000585867
768 -0.000585867
769 -0.000585867
770 -0.000585867
771 -0.000585867
772 -0.000585867
773 -0.000585867
774 -0.000585867
775 -0.000585867
776 -0.000585867
777 -0.000585867
778 -0.000585867
779 -0.000585867
780 -0.000585867
781 -0.000585867
782 -0.000585867
783 -0.000585867
784 -0.000585867
785 -0.000585867
786 -0.000585867
787 -0.000585867
788 -0.000585867
789 -0.000585867
790 -0.000585867
791 -0.000585867
792 -0.000585867
793 -0.000585867
794 -0.000585867
795 -0.000585867
796 -0.000585867
797 -0.000585867
798 -0.000585867
799 -0.00216066
800 -0.00912017
801 -0.0013702
802 -0.000681323
803 -0.000597739
804 -0.000587353
805 -0.000586053
806 -0.00058589
807 -0.00058587
808 -0.000585867
809 -0.000585867
810 -0.000585867
811 -0.000585867
812 -0.000585867
813 -0.000585867
814 -0.000585867
815 -0.000585867
816 -0.000585867
817 -0.000585867
818 -0.000585867
819 -0.000585867
820 -0.000585867
821 -0.000585867
822 -0.000585867
823 -0.000585867
824 -0.000585867
825 -0.000585867
826 -0.000585867
827 -0.000585867
828 -0.000585867
829 -0.000585867
830 -0.000585867
831 -0.000585867
832 -0.000585867
833 -0.000585867
834 -0.000585867
835 -0.000585867
836 -0.000585867
837 -0.000585867
838 -0.000585867
839 -0.000585867
840 -0.000585867
841 -0.000585867
842 -0.000585867
843 -0.000585867
844 -0.000585867
845 -0.000585867
846 -0.000585867
847 -0.000585867
848 -0.000585867
849 -0.00188254
850 -0.0125354
851 -0.0017299
852 -0.000726187
853 -0.000603365
854 -0.000588059
855 -0.000586142
856 -0.000585902
857 -0.000585871
858 -0.000585868
859 -0.000585867
860 -0.000585867
861 -0.000585867
862 -0.000585867
863 -0.000585867
864 -0.000585867
865 -0.000585867
866 -0.000585867
867 -0.000585867
868 -0.000585867
869 -0.000585867
870 -0.000585867
871 -0.000585867
872 -0.000585867
873 -0.000585867
874 -0.000585867
875 -0.000585867
876 -0.000585867
877 -0.000585867
878 -0.000585867
879 -0.000585867
880 -0.000585867
881 -0.000585867
882 -0.000585867
883 -0.000585867
884 -0.000585867
885 -0.000585867
886 -0.000585867
887 -0.000585867
888 -0.000585867
889 -0.000585867
890 -0.000585867
891 -0.000585867
892 -0.000585867
893 -0.000585867
894 -0.000585867
895 -0.000585867
896 -0.000585867
897 -0.000585867
898 -0.000585867
899 -0.00216801
900 -0.00914392
901 -0.001373
902 -0.00068169
903 -0.000597786
904 -0.000587359
905 -0.000586054
906 -0.000585891
907 -0.00058587
908 -0.000585867
909 -0.000585867
910 -0.000585867
911 -0.000585867
912 -0.000585867
913 -0.000585867
914 -0.000585867
915 -0.000585867
916 -0.000585867
917 -0.000585867
918 -0.000585867
919 -0.000585867
920 -0.000585867
921 -0.000585867
922 -0.000585867
923 -0.000585867
924 -0.000585867
925 -0.000585867
926 -0.000585867
927 -0.000585867
928 -0.000585867
929 -0.000585867
930 -0.000585867
931 -0.000585867
932 -0.000585867
933 -0.000585867
934 -0.000585867
935 -0.000585867
936 -0.000585867
937 -0.000585867
938 -0.000585867
939 -0.000585867
940 -0.000585867
941 -0.000585867
942 -0.000585867
943 -0.000585867
944 -0.000585867
945 -0.000585867
946 -0.000585867
947 -0.000585867
948 -0.000585867
949 -0.00189565
950 -0.0124763
951 -0.00171067
952 -0.000723476
953 -0.000603009
954 -0.000588013
955 -0.000586136
956 -0.000585901
957 -0.000585871
958 -0.000585868
959 -0.000585867
960 -0.000585867
961 -0.000585867
962 -0.000585867
963 -0.000585867
964 -0.000585867
965 -0.000585867
966 -0.000585867
967 -0.000585867
968 -0.000585867
969 -0.000585867
970 -0.000585867
971 -0.000585867
972 -0.000585867
973 -0.000585867
974 -0.000585867
975 -0.000585867
976 -0.000585867
977 -0.000585867
978 -0.000585867
979 -0.000585867
980 -0.000585867
981 -0.000585867
982 -0.000585867
983 -0.000585867
984 -0.000585867
985 -0.000585867
986 -0.000585867
987 -0.000585867
988 -0.000585867
989 -0.000585867
990 -0.000585867
991 -0.000585867
992 -0.000585867
993 -0.000585867
994 -0.000585867
995 -0.000585867
996 -0.000585867
997 -0.000585867
998 -0.000585867
999 -0.000585867
